100
383
886
777
915
793
335
386
492
649
421
362
27
690
59
763
926
540
426
172
736
211
368
567
429
782
530
862
123
67
135
929
802
22
58
69
167
393
456
11
42
229
373
421
919
784
537
198
324
315
370
693601634
428659858
336453536
27767540
195079633
712382669
780768779
365782210
985511161
817922573
873948726
126488477
659365769
229046147
654191293
920478601
246924083
753616109
901476838
914562529
302073945
924632867
459919707
201021825
878641251
107796963
849900191
505196284
973371128
39162002
435840508
994917400
263429041
888080118
458649905
67168880
529301880
635920311
149631599
551672431
810881153
700797472
528073281
640338168
420113736
140197208
691444623
265328186
8888888889
8888888890
