100
40 39 26
98 46 58
12 45 29
90 15 64
26 12 33
89 93 69
74 89 15
92 20 11
25 83 25
98 20 66
85 55 72
30 22 1
74 9 36
36 82 85
47 72 64
87 51 80
76 23 58
43 44 69
25 26 99
44 49 13
47 78 48
68 89 70
76 82 89
58 77 100
77 98 25
27 87 10
50 3 86
41 29 51
66 37 31
62 7 94
39 13 75
75 92 11
57 39 69
33 48 82
30 31 77
65 50 44
15 45 60
43 54 99
28 94 29
82 97 32
94 82 83
34 50 60
72 28 24
19 20 70
49 6 40
46 59 8
91 77 62
92 85 14
33 72 46
78 61 11
59 4 13
8 3 26
84 16 29
51 24 8
4 3 17
63 8 23
87 29 17
19 12 7
90 16 6
99 4 28
100 6 25
70 30 1
21 26 27
100 24 28
81 8 18
74 28 11
39 4 21
26 8 7
69 3 26
81 29 13
32 13 21
59 12 30
33 28 17
62 15 26
7 30 25
2 8 13
32 9 17
27 5 5
18 10 20
74 1 7
62 1 5
31 9 6
74 5 3
64 8 13
41 3 4
99 3 8
85 9 7
79 1 8
87 1 5
87 5 20
15 9 3
13 2 2
36 4 11
93 4 14
23 7 16
44 2 6
22 9 2
31 6 16
89 8 13
3 7 9
