72
888
5334 132 885 559
786
5404 462 701 745
935
8151 359 70 848
692
5869 257 377 701
190
3659 491 225 95
22
1621 161 798 682
748
7141 476 683 426
34
1661 82 375 716
255
5379 488 885 933
502
9878 143 242 467
934
5026 148 473 834
428
9020 354 460 241
676
1464 399 635 926
780
2647 110 640 611
759
3511 279 436 819
977
1437 136 168 206
833
8858 470 255 81
396
7003 489 349 855
189
2996 324 652 839
187
2245 117 987 844
432
1191 27 956 647
646
1615 497 850 234
988
9461 238 495 202
14
1442 403 296 978
454
4642 89 417 126
790
9002 44 61 552
27
9436 449 983 362
200
1966 440 387 905
197
8412 332 999 842
978
4922 414 104 938
957
1205 119 657 991
255
5056 36 152 853
761
5167 154 442 567
354
3043 447 137 243
49
7739 479 386 806
984
7926 93 291 38
370
8244 257 334 30
58
2461 390 624 966
89
3629 134 356 252
103
9903 291 55 204
823
1536 103 880 188
86
6162 418 694 67
59
2749 413 298 903
129
5459 198 261 397
965
4653 313 232 467
102
6047 38 704 437
987
9028 411 558 615
120
7192 162 206 308
391
4807 165 452 180
782
8791 104 204 681
86
3001 180 85 281
108
8911 268 877 455
139
5625 478 365 418
221
9764 457 779 630
633
9393 412 818 972
161
1908 242 78 865
685
3010 456 526 93
497
7071 428 506 818
449
9900 320 657 837
847
1142 285 262 723
748
3395 265 671 934
325
2987 233 109 715
967
8708 14 650 599
182
6303 246 141 425
383
2068 345 104 327
151
3969 489 508 408
7
3290 396 71 179
779
4803 444 804 671
314
6190 82 131 246
607
2685 355 810 922
469
6245 376 226 587
389
4191 203 326 512
