50
4 7 2
2
1
4
0
34
48
98
48
43
69
23
4 7 1
10
2
0
10
68
30
61
48
75
40
17
8 6 6
7
10
3
7
9
7
8
2
80
75
10
85
39
96
8 9 5
7
6
8
6
2
2
7
6
46
44
52
32
54
103
51
97
40
6 7 4
4
1
0
10
9
4
47
34
37
100
87
102
41
9 7 1
3
9
2
10
3
7
6
8
9
18
32
79
91
48
104
67
6 1 1
7
5
7
4
7
7
54
3 7 2
7
8
0
47
58
30
68
101
97
102
8 8 4
5
2
10
8
10
5
0
5
52
77
42
56
59
67
70
66
3 10 1
4
9
5
20
49
49
13
104
109
9
66
91
40
2 6 2
6
8
108
72
80
74
71
26
5 5 5
4
0
6
4
2
70
97
8
76
103
8 9 4
8
8
8
9
4
0
8
8
85
101
93
56
66
55
40
47
40
4 4 2
3
4
8
6
49
27
29
45
8 8 5
8
10
7
7
1
7
2
9
41
59
73
54
83
86
86
87
3 5 2
3
6
2
57
62
13
42
83
4 7 1
1
7
0
8
31
68
17
56
47
48
105
7 5 2
3
2
6
0
5
2
4
18
33
106
40
6
3 10 1
2
9
4
62
14
49
51
75
24
99
80
64
96
10 7 4
3
1
7
4
6
9
6
4
0
9
25
62
23
103
38
86
108
10 9 6
1
1
6
1
6
0
4
8
0
5
8
35
102
74
33
72
100
13
55
10 2 1
1
7
7
8
9
10
8
8
8
7
17
102
2 1 1
2
0
78
1 6 1
10
56
37
22
47
109
35
1 5 1
1
14
10
36
56
63
5 5 5
1
0
5
9
1
83
72
86
24
27
6 2 2
2
3
10
5
8
9
97
33
3 7 3
3
5
9
68
16
23
87
88
54
63
9 4 1
8
10
10
1
3
7
2
3
0
15
93
20
50
8 10 7
10
9
8
2
5
3
1
4
72
58
29
25
108
38
18
19
90
94
61 5 4
5
3
0
7
9
6
6
1
10
0
0
6
9
3
0
10
2
3
5
2
3
1
9
1
9
0
9
6
3
7
6
6
10
6
3
9
1
7
8
10
7
9
5
3
10
4
2
1
5
7
1
6
6
10
8
5
8
4
9
0
1
883
941
888
559
656
35 91 27
5
8
0
1
1
4
0
3
4
10
8
10
1
3
3
9
9
6
7
3
4
5
2
6
10
0
3
5
6
0
9
9
8
8
8
171
328
236
306
429
642
488
107
707
380
925
330
807
40
381
566
857
758
282
234
756
567
161
398
274
799
221
756
673
436
698
835
754
924
821
863
245
990
961
943
359
875
262
846
595
323
402
441
761
364
666
506
611
507
895
875
986
796
310
648
221
688
162
655
291
664
197
527
643
147
149
682
702
91
517
978
94
599
408
845
954
754
341
244
941
916
109
916
701
99
244
19 22 1
3
4
4
3
2
10
7
9
0
4
0
0
4
7
6
5
5
4
10
806
698
754
711
797
349
91
576
583
373
343
660
990
392
389
793
337
442
734
732
165
57
94 75 2
2
8
10
7
10
10
9
5
6
6
9
4
8
4
4
8
5
5
7
0
8
9
9
0
6
5
2
7
10
1
1
10
7
1
4
7
0
2
10
4
6
7
6
3
9
10
9
3
2
5
4
0
4
2
9
10
5
9
6
2
0
5
2
7
6
4
1
4
7
10
6
0
6
2
4
4
10
2
7
0
6
9
9
8
0
7
7
5
6
0
6
4
5
8
349
152
911
868
134
696
614
636
961
101
647
261
719
732
899
187
105
463
373
741
636
85
43
203
859
192
69
491
515
405
299
854
547
199
401
361
886
695
677
836
476
1004
777
184
726
355
362
511
809
415
933
434
490
966
318
28
838
377
509
32
462
798
566
689
988
648
40
553
332
707
378
799
701
835
663
51 80 12
1
0
0
0
7
6
8
7
2
0
9
7
9
0
1
5
8
0
5
5
4
6
8
7
1
4
7
6
10
1
8
0
10
7
1
6
2
7
0
2
6
10
7
4
8
9
7
5
9
10
9
935
808
432
467
576
117
134
998
589
661
424
347
154
330
1006
731
816
519
696
970
404
418
912
373
349
118
293
859
257
490
285
872
978
707
329
234
504
143
221
773
794
325
109
628
645
796
38
140
995
725
100
78
132
1002
441
162
109
414
10
46
585
285
909
552
672
227
466
856
360
678
618
834
683
717
141
318
192
170
448
176
1 26 1
3
212
359
532
1002
763
532
38
337
497
627
570
849
844
25
694
884
383
301
397
56
699
218
54
881
378
492
16 7 7
10
7
2
3
8
10
3
8
10
7
7
7
2
5
1
1
486
65
468
785
459
521
170
52 13 12
4
3
0
5
5
0
1
5
1
8
4
4
5
3
10
10
10
10
4
9
0
6
9
8
9
5
0
4
8
0
6
10
3
7
2
6
5
4
0
6
10
5
9
4
6
8
1
6
7
4
2
6
97
515
959
181
661
220
735
161
735
15
81
681
759
1 55 1
1
39
375
67
363
426
795
510
566
189
745
230
347
242
808
124
747
446
295
87
347
710
239
71
716
310
433
154
351
569
148
108
607
212
174
659
637
658
168
892
847
912
811
883
843
618
697
278
753
681
365
98
390
603
860
795
60 99 41
6
9
3
3
0
5
10
7
1
7
7
10
6
6
7
7
10
6
10
2
10
8
3
9
1
9
10
3
5
1
3
9
10
6
2
8
10
10
5
9
6
10
9
0
5
3
7
3
9
4
5
6
1
6
4
1
2
1
2
7
441
673
58
384
337
784
480
996
431
769
664
657
417
924
688
24
584
715
434
571
433
613
17
213
234
19
753
280
747
225
352
868
579
90
241
906
864
402
891
284
160
234
621
257
839
299
963
412
1004
386
664
427
680
361
320
594
370
753
555
797
968
897
655
536
667
886
431
520
277
1002
794
118
917
94
365
745
383
317
146
67
384
490
174
53
841
484
327
201
226
872
678
874
448
322
90
104
198
511
614
46 20 20
253
89
162
299
824
225
296
650
282
360
130
136
93
651
610
411
842
516
272
200
380
711
512
460
805
390
651
99
536
524
176
479
613
28
468
126
254
765
777
226
124
597
363
218
247
663
245038105
877069814
30388068
608342318
956135000
390867409
65121198
731192636
832078487
220587156
118994288
73674181
663569795
701477567
78418445
158749345
707256667
922588384
44471058
888483181
25 45 22
470
961
323
66
13
541
3
367
860
783
236
451
762
175
752
944
574
858
515
313
753
312
577
515
588
92722966
419915761
730200453
154617531
309767457
457677401
702024861
850614685
316507657
950882265
221391795
173004528
142932086
133587406
127053212
64565310
928683712
689443491
89819222
114648626
316955087
551293908
132691185
17567547
131763001
76921513
234263508
266223368
99569445
609708092
107940522
44805880
29623853
838140014
199422450
339390349
295817416
753960780
42519465
464838542
704843045
116424729
637842109
700288600
102525604
39 39 10
776
202
388
304
136
823
70
586
260
589
36
275
623
766
434
651
208
430
28
181
42
786
389
718
246
62
770
467
62
670
684
838
562
762
832
699
274
902
284
599530056
33714763
308204710
759594138
371571807
777636227
816977686
591566232
85208601
73783567
3465437
541111017
84549266
457882185
461851916
505186087
28723603
20434806
773596901
554603310
48940133
659375153
111692215
384296781
104853536
814636120
343459718
808809487
353670579
649023667
608035888
953199734
682737528
916239696
565308420
54309335
546390471
234800654
498389213
17 16 4
636
28
339
260
533
233
638
497
283
76
821
17
43
707
512
533
291
233116186
638255182
263044141
38830468
173507339
31798386
456652615
80330320
578187955
691452367
578718550
62300674
35525
933085945
87523507
98195484
33 35 2
103
149
465
386
916
976
403
960
683
606
182
664
958
796
204
993
981
3
591
230
218
66
689
834
784
840
85
529
710
597
497
503
746
44557142
631209452
49200790
716899493
940473508
891068473
382927227
129184325
574683283
851447936
551009686
896552626
435527325
11665859
391929480
51404279
781487199
967634840
245468368
95276437
974573461
501832309
409099731
767112737
845718937
821117859
10016797
616717458
787191154
396770667
322335806
684261669
880493492
224049970
253675528
15 15 5
146
335
850
71
312
97
989
961
730
496
838
890
761
404
573
356229360
97660338
978054407
29861585
960189523
594771861
817051742
209474556
917106675
353827778
89968045
141156641
607502313
763448422
108788457
8 33 6
786
657
149
573
646
800
302
832
981767254
523782972
936622800
312314707
803603919
292852003
262488430
634172857
322712600
75192485
81459092
992277884
284666052
998564621
198620036
374632951
992234647
806121204
138081217
953536490
902738661
556708037
309667959
192434710
476494392
104666001
258220002
466648059
582973630
4013184
456141227
564740885
527795324
34 17 2
632
317
24
869
854
909
635
384
990
419
413
421
334
882
354
185
936
123
822
337
733
30
383
831
232
952
876
316
803
342
854
124
350
569
579954346
162404124
612204749
138103261
366832732
215342963
894870391
945893618
810715151
310274403
368064938
64653879
628416402
346943464
628258745
991506651
654830080
31 22 22
378
99
941
945
415
433
286
960
557
636
528
239
530
695
246
807
541
673
187
499
122
140
500
448
28
625
594
634
172
151
622
26480884
659241753
201408418
95267316
755527087
189916330
709607328
41358551
897535529
566588048
39849301
37624406
438486334
798029378
315814565
824701930
624066821
488875085
861839949
113333787
824723450
267042846
33 39 24
463
324
503
325
475
124
876
416
377
751
463
752
222
778
684
19
311
544
346
228
341
169
377
120
180
24
403
21
863
442
891
325
456
88640525
714712429
443147107
908683765
626872243
825792585
782649924
634298412
963965082
699045954
203846411
143495993
512977445
339981429
215388924
364532383
914601821
85311095
531900925
166439467
284328199
40658985
132630671
744163490
374139535
365863693
576280436
349122675
470798304
110341978
921378707
559437939
825053517
217040384
320636274
304440330
42832969
955799877
791252421
